01001010011000000100000100000011
01001010011000000100000100000101
00111111100000000100000100000111
01111000100000000100000100000110
01111000100000000100000100001110
00111111100000000100000100000111
00001011111000000100000100001000
00111111000000000100000100001001
00110000000000000000000000000000
01001010011000000100000100000011
00111011011000000100000100001010
00111111111000000100000100001001
00001011011000000100000100001010
00111111011000000100000100001001
00001011111000000100000100001010
00110110000000000100000100001001
01011000101000000100000100001010
00110110001000000100000100001001
01011000100000000100000100001010
00111011100000000100000100001001
