01000010000000000000000000000000
01000001111111111111111110001010
01000001100000000000011000011110
01000001100000000000010000011111
01000001100000000000001000100000
01000001100000000000011000100001
00111011111001111000010100010100
00110100000000010000000000000101
00011000001001010000001010001111
00110100000000010100000000000110
00011000001001010000001100011010
01000001100000000000011000011110
00111011100001111000110100011010
01001000001001101000011110001111
00110100000000011000000000000111
00011000001001010000001110011011
01000001100000000000010000011110
00111011100001111000110110011011
01001000001001101100011110001111
00110100000000011100000000001000
00011000001001010000010000011100
01000001100000000000001000011110
00111011100001111000111000011100
01001000001001110000011110001111
00111011100010000000001010011010
00011000001001010000110100010000
00111011100010000000001100011011
00011000001001010000110110011011
01000001100000000000011000011110
00111011100001111000110110011011
01001000001001101100100000010000
00111011100010000000001110011100
00011000001001010000111000011100
01000001100000000000010000011110
00111011100001111000111000011100
01001000001001110000100000010000
00111011100010000000010000011101
00011000001001010000111010011101
01000001100000000000001000011110
00111011100001111000111010011101
01001000001001110100100000010000
00111011100001111100001010011010
00011000001001010000110100010001
00111011100001111100001100011011
00011000001001010000110110011011
01000001100000000000011000011110
00111011100001111000110110011011
01001000001001101100100010010001
00111011100001111100001110011100
00011000001001010000111000011100
01000001100000000000010000011110
00111011100001111000111000011100
01001000001001110000100010010001
00111011100001111100010000011101
00011000001001010000111010011101
01000001100000000000001000011110
00111011100001111000111010011101
01001000001001110100100010010001
00111011100010000100001010011010
00011000001001010000110100010010
00111011100010000100001100011011
00011000001001010000110110011011
01000001100000000000011000011110
00111011100001111000110110011011
01001000001001101100100100010010
00111011100010000100001110011100
00011000001001010000111000011100
01000001100000000000010000011110
00111011100001111000111000011100
01001000001001110000100100010010
00111011100010000100010000011101
00011000001001010000111010011101
01000001100000000000001000011110
00111011100001111000111010011101
01001000001001110100100100010010
01000010000000000000001000000000
00011100111111111100000000000000
00110100000000000000000000000001
11000111100000000100011110111100
11000111101000000100100000111101
11000111110000000100100010111110
11000111111000000100100100111111
00011000001001010001111001000110
00011000000100011010100011010001
00111011111001111001111000111100
00011000001001010001111001000110
00011000000100011010100011010001
00111011111001111001111000111100
00011000001001010001111001000110
00011000000100011010100011010001
00111011111001111001111000111100
00011000001001010001111001000110
00011000000100011010100011010001
00111011111001111001111000111100
00011000001001010001111011000111
00011000000100011110100101010010
00111011111001111001111010111101
00011000001001010001111011000111
00011000000100011110100101010010
00111011111001111001111010111101
00011000001001010001111011000111
00011000000100011110100101010010
00111011111001111001111010111101
00011000001001010001111011000111
00011000000100011110100101010010
00111011111001111001111010111101
00011000001001010001111101001000
00011000000100100010100111010011
00111011111001111001111100111110
00011000001001010001111101001000
00011000000100100010100111010011
00111011111001111001111100111110
00011000001001010001111101001000
00011000000100100010100111010011
00111011111001111001111100111110
00011000001001010001111101001000
00011000000100100010100111010011
00111011111001111001111100111110
00011000001001010001111111001001
00011000000100100110101001010100
00111011111001111001111110111111
00011000001001010001111111001001
00011000000100100110101001010100
00111011111001111001111110111111
00011000001001010001111111001001
00011000000100100110101001010100
00111011111001111001111110111111
00011000001001010001111111001001
00011000000100100110101001010100
00111011100010000110100101010010
00111011100001111110100111010011
00111011100010000010101001010100
00001000001101000110100001010000
00001000001101001010100001010000
00001000001101001110100001010000
00001000001101010010100001010000
00100100000000101000000001010000
01000001100000000000000000111100
01000001100000000000000000111101
01000001100000000000000000111110
01000001100000000000000000111111
01000001100000000000000001000110
01000001100000000000000001000111
01000001100000000000000001001000
01000001100000000000000001001001
01000001100000000000000001010000
01000001100000000000000001010001
01000001100000000000000001010010
01000001100000000000000001010011
01000001100000000000000001010100
00100001000000000010011100000000
00000000001000000000000000000000
00000000000000000000000000000000
